1,Solution - 7366 iterations
198543726
643278591
527619843
914735268
876192435
235486179
462351987
381927654
759864312

2,Solution - 212114 iterations
215983746
387654219
469271385
538716924
941325867
726849531
653198472
192437658
874562193

4,Solution - 212 iterations
473816925
628539741
195427863
732948156
941365278
586172439
217693584
864251397
359784612

5,Solution - 525 iterations
947153682
128649357
653287491
381926745
572438916
496715238
839562174
215374869
764891523

6,Solution - 21 iterations
598163472
632784159
174259836
259418367
816937245
743526981
465892713
981375624
327641598

7,Solution - 96590 iterations
913468527
458327961
627915483
731542698
296783145
584691372
179256834
842139756
365874219

8,Solution - 963 iterations
386172954
419853672
527946813
741365298
695218437
238497561
163524789
852739146
974681325

9,Solution - 32641 iterations
894163725
137582496
652974318
481237569
325896147
976451283
713649852
268715934
549328671

10,Solution - 64338 iterations
275184963
486935712
391672548
539421687
764398125
128567394
917243856
643859271
852716439

11,Solution - 20964 iterations
623984517
541627398
798153426
987231645
462579831
315468972
179846253
854312769
236795184

12,Solution - 9398 iterations
739845126
654192873
182376594
865439217
973251648
241687935
316524789
427968351
598713462

13,Solution - 896 iterations
813976425
697524138
245813679
329681754
561749283
784235916
472398561
958162347
136457892

14,Solution - 1867 iterations
648179325
325864179
917325468
182546937
753298614
496731582
561982743
274653891
839417256

15,Solution - 1052 iterations
375162984
482397561
196458372
869714235
253986147
741523698
634271859
918645723
527839416

16,Solution - 2987652 iterations
964572831
172843659
835961274
629485713
483217965
517396482
246138597
358729146
791654328

17,Solution - 2057 iterations
726134895
358679142
419258637
971325468
684917253
532486971
867592314
195843726
243761589

18,Solution - 21 iterations
253614879
791583426
468792315
875936142
146257938
329148657
517369284
934825761
682471593

19,Solution - 318158 iterations
742639815
183574269
659821743
365192478
298746351
471385926
537218694
814967532
926453187

